[Other]
points = 100000
period = 10.0
function_mode = 1
number_pulses = 1

[Pulse_Function]
w_1 = 2
window_s = -100.000000
window_e = 100.000000
w_0 = 0.001000

