[Pulse_Function]
window_s = -300.000000
window_e = 300.000000
w_1 = 1.000000
w_0 = 11.000000

